camera_matrix:
- - 2257.6253706211987
  - 0.0
  - 913.2931115172872
- - 0.0
  - 2241.562200400784
  - 700.3309123998542
- - 0.0
  - 0.0
  - 1.0
distortion_coefficients:
- - -0.3454846085809651
  - -2.987163351647606
  - -0.007018082065594338
  - 0.0013629943843746876
  - 34.37089773918943
