camera_matrix:
- - 1087.8404013957459
  - 0.0
  - 984.0904620312292
- - 0.0
  - 1082.4579013858952
  - 610.7584297788109
- - 0.0
  - 0.0
  - 1.0
distortion_coefficients:
- - -0.38264998672555406
  - 0.4494827898126653
  - 0.0014385238572742272
  - 0.0006847136748202754
  - -1.062219800918992
